10,164
10,100
10,224
10,256
10,248
10,72
10,78
10,210
10,2
10,3
9,7
9,4
9,1
9,6
8,6
8,12
8,10
8,9
8,2
8,3
6922,3
6922,2
6922,1
6922,0
3127,3
3127,1
20,3
20,2
20,1
19,3
19,2
19,1
14,6
14,5
14,4
14,2
14,0
12,3
12,2
12,1
11,30
11,29
11,28
11,27
11,26
11,25
11,24
11,23
11,22
11,21
11,20
11,19
11,18
11,17
11,16
11,15
11,14
11,13
11,12
11,11
11,10
11,9
11,8
11,7
11,6
11,5
11,4
11,3
11,2
11,1
10,317
10,316
10,314
10,313
10,312
10,310
10,309
10,308
10,307
10,305
10,304
10,303
10,302
10,301
10,300
10,299
10,298
10,296
10,295
10,294
18,1
10,293
10,287
10,286
10,285
18,3
14,1
10,283
10,282
10,278
10,277
10,276
10,274
10,271
10,269
14,3
13,1
10,267
10,266
10,265
10,264
10,262
10,260
10,259
13,3
10,257
10,255
10,254
